 H          C2H5                  C2H6                              0.000E+00  0.200E-27 -0.150E+01  0.000E+00  0.100E+02  0.000E+00  0.107E-09  0.000E+00  0.000E+00  0.160E+01  0.000E+00  0.000E+00  0.000E+00  0.000E+00  1.000E+00  0.000E+00
 H          C2H5                  CH3        CH3                    0.100E+01  0.000E+00  0.000E+00  0.000E+00  0.000E+00  0.000E+00  0.000E+00  0.000E+00  0.000E+00  0.000E+00  0.000E+00  0.000E+00  0.000E+00  0.000E+00  0.000E+00  0.000E+00
 H          lC3H                  cC3H2                             0.000E+00  0.100E-27 -0.180E+01  0.000E+00  0.300E+02  0.000E+00  0.200E-09  0.000E+00  0.000E+00  0.300E+01  0.000E+00  0.100E-15 -0.150E+01  0.000E+00  0.100E+03  0.000E+00
 H          lC3H                  C3         H2                     0.800E+00  0.000E+00  0.000E+00  0.000E+00  0.000E+00  0.000E+00  0.000E+00  0.000E+00  0.000E+00  0.000E+00  0.000E+00  0.000E+00  0.000E+00  0.000E+00  0.000E+00  0.000E+00
 H          lC3H                  cC3H       H                      0.200E+00  0.000E+00  0.000E+00  0.000E+00  0.000E+00  0.000E+00  0.000E+00  0.000E+00  0.000E+00  0.000E+00  0.000E+00  0.000E+00  0.000E+00  0.000E+00  0.000E+00  0.000E+00
 H          cC3H                  cC3H2                             0.000E+00  0.100E-27 -0.180E+01  0.000E+00  0.300E+02  0.000E+00  0.200E-09  0.000E+00  0.000E+00  0.300E+01  0.000E+00  0.100E-15 -0.150E+01  0.000E+00  0.100E+03  0.000E+00
 H          cC3H                  C3         H2                     0.100E+01  0.000E+00  0.000E+00  0.000E+00  0.000E+00  0.000E+00  0.000E+00  0.000E+00  0.000E+00  0.000E+00  0.000E+00  0.000E+00  0.000E+00  0.000E+00  0.000E+00  0.000E+00
 H          lC3H2                 C3H3                              0.000E+00  0.100E-27 -0.180E+01  0.000E+00  0.300E+02  0.000E+00  0.400E-09  0.170E+00  0.000E+00  0.300E+01  0.000E+00  0.100E-15 -0.150E+01  0.000E+00  0.100E+03  0.000E+00
 H          lC3H2                 cC3H2      H                      0.100E+01  0.000E+00  0.000E+00  0.000E+00  0.000E+00  0.000E+00  0.000E+00  0.000E+00  0.000E+00  0.000E+00  0.000E+00  0.000E+00  0.000E+00  0.000E+00  0.000E+00  0.000E+00
 H          tC3H2                 C3H3                              0.000E+00  0.100E-27 -0.180E+01  0.000E+00  0.300E+02  0.000E+00  0.442E-09  0.220E-09  0.437E+02  0.200E+01  0.000E+00  0.100E-15 -0.150E+01  0.000E+00  0.100E+03  0.000E+00
 H          tC3H2                 cC3H2      H                      0.100E+01  0.000E+00  0.000E+00  0.000E+00  0.000E+00  0.000E+00  0.000E+00  0.000E+00  0.000E+00  0.000E+00  0.000E+00  0.000E+00  0.000E+00  0.000E+00  0.000E+00  0.000E+00
 H          C3H7                  C3H8                              0.000E+00  0.611E-27 -0.200E+01  0.104E+04  0.100E+02  0.210E+02  0.968E-10  0.220E+00  0.000E+00  0.200E+01  0.000E+00  0.000E+00  0.000E+00  0.000E+00  1.000E+00  0.000E+00
 H          C3H7                  C2H5       CH3                    0.100E+01  0.000E+00  0.000E+00  0.000E+00  0.000E+00  0.000E+00  0.000E+00  0.000E+00  0.000E+00  0.000E+00  0.000E+00  0.000E+00  0.000E+00  0.000E+00  0.000E+00  0.000E+00
 H          C4H3                  C4H4                              0.000E+00  0.100E-24  0.400E+01  0.000E+00  0.100E+02  0.000E+00  0.130E-09  0.000E+00 -0.140E+02  0.200E+01  0.000E+00  0.000E+00  0.000E+00  0.000E+00  1.000E+00  0.000E+00
 H          C4H3                  C2H2       C2H2                   0.100E+01  0.000E+00  0.000E+00  0.000E+00  0.000E+00  0.000E+00  0.000E+00  0.000E+00  0.000E+00  0.000E+00  0.000E+00  0.000E+00  0.000E+00  0.000E+00  0.000E+00  0.000E+00
 CH3        C2H3                  C3H6                              0.000E+00  0.240E-26 -0.377E+01  0.616E+03  0.100E+02  0.000E+00  0.120E-09  0.000E+00  0.000E+00  0.140E+01  0.000E+00  0.000E+00  0.000E+00  0.000E+00  1.000E+00  0.000E+00
 CH3        C2H3                  C3H5       H                      0.100E+01  0.000E+00  0.000E+00  0.000E+00  0.000E+00  0.000E+00  0.000E+00  0.000E+00  0.000E+00  0.000E+00  0.000E+00  0.000E+00  0.000E+00  0.000E+00  0.000E+00  0.000E+00
 CH3        C3H3                  C4H6                              0.000E+00  0.810E-23 -0.350E+01  0.000E+00  0.100E+02  0.000E+00  0.680E-10  0.000E+00 -0.130E+03  0.160E+01  0.210E+02  0.650E-13 -0.100E+01  0.000E+00  0.300E+02  0.000E+00
 CH3        C3H3                  C2H4       C2H2                   0.100E+01  0.000E+00  0.000E+00  0.000E+00  0.000E+00  0.000E+00  0.000E+00  0.000E+00  0.000E+00  0.000E+00  0.000E+00  0.000E+00  0.000E+00  0.000E+00  0.000E+00  0.000E+00
