 H          H                     H2                                0.914E-32 -0.600E+00  0.000E+00  0.316E+01  0.100E+03  0.100E-09  0.000E+00  0.000E+00  0.200E+01  0.100E+03
 H          3CH2                  CH3                               0.310E-29  0.000E+00 -0.457E+03  0.200E+01  0.100E+03  0.150E-09  0.000E+00  0.000E+00  0.200E+01  0.100E+03
 H          C2H2                  C2H3                              0.330E-29  0.000E+00  0.740E+03  0.316E+01  0.100E+03  0.140E-10  0.000E+00  0.130E+04  0.800E+01  0.100E+03
 H          C2H3                  C2H4                              0.347E-26 -0.130E+01  0.000E+00  0.400E+01  0.000E+00  0.100E-09  0.000E+00  0.000E+00  0.200E+01  0.000E+00
 H          C2H4                  C2H5                              0.139E-28  0.000E+00  0.562E+03  0.240E+01  0.150E+03  0.978E-11  0.128E+01  0.650E+03  0.200E+01  0.100E+03
 H          C3H6                  C3H7                              0.140E-24  0.248E+01  0.191E+03  0.100E+02  0.100E+03  0.702E-11  0.116E+01  0.440E+03  0.160E+01  0.000E+00
 H          C4H4                  C4H5                              0.338E-24 -0.703E+01  0.139E+04  0.200E+01  0.100E+03  0.330E-11  0.000E+00  0.000E+00  0.200E+01  0.100E+03
 H          C6H                   C6H2                              0.264E-25 -0.310E+01  0.721E+03  0.200E+01  0.100E+03  0.300E-09  0.000E+00  0.000E+00  0.200E+01  0.100E+03
 H          C6H4                  C6H5                              0.517E-12 -0.184E+02  0.669E+04  0.200E+01  0.100E+03  0.596E-11  0.111E+01  0.705E+03  0.200E+01  0.100E+03
 H          C6H6                  SOOT                              0.330E-29  0.000E+00  0.740E+03  0.100E+02  0.100E+03  0.527E-10  0.000E+00  0.160E+04  0.200E+01  0.100E+03
 C          H2                    3CH2                              0.700E-31  0.000E+00  0.000E+00  0.130E+01  0.100E+03  0.206E-10  0.000E+00  0.554E+02  0.200E+01  0.100E+03
 C          C                     C2                                0.530E-30 -0.160E+01  0.000E+00  0.200E+01  0.100E+03  0.216E-10  0.000E+00  0.000E+00  0.200E+01  0.100E+03
 CH         H2                    CH3                               0.620E-29 -0.160E+01  0.000E+00  0.140E+01  0.100E+03  0.160E-09 -0.800E-01  0.000E+00  0.140E+01  0.210E+02
 CH3        C2H2                  C3H5                              0.330E-29  0.000E+00  0.740E+03  0.100E+02  0.100E+03  0.100E-11  0.000E+00  0.390E+04  0.316E+01  0.100E+03
 CH3        C2H4                  C3H7                              0.139E-28  0.000E+00  0.562E+03  0.100E+02  0.100E+03  0.350E-12  0.000E+00  0.370E+04  0.200E+01  0.100E+03
 CH3        C4H3                  SOOT                              0.113E-24 -0.375E+01  0.494E+03  0.100E+02  0.100E+03  0.379E-10  0.417E+00 -0.161E+03  0.100E+02  0.100E+03
 C2H3       C2H2                  C4H5                              0.330E-29  0.000E+00  0.740E+03  0.100E+02  0.100E+03  0.212E-13  0.190E+01  0.106E+04  0.200E+01  0.100E+03
 C2H3       C2H3                  C4H6                              0.113E-24 -0.375E+01  0.494E+03  0.100E+02  0.100E+03  0.120E-09  0.000E+00  0.000E+00  0.200E+01  0.100E+03
 C2H3       C2H5                  C4H8                              0.113E-24 -0.375E+01  0.494E+03  0.100E+02  0.100E+03  0.250E-10  0.000E+00  0.000E+00  0.200E+01  0.100E+03
 C2H3       C3H7                  SOOT                              0.113E-24 -0.375E+01  0.494E+03  0.100E+02  0.100E+03  0.160E-10  0.000E+00  0.000E+00  0.250E+01  0.100E+03
 C2H5       C2H2                  SOOT                              0.330E-29  0.000E+00  0.740E+03  0.100E+02  0.100E+03  0.560E-13  0.000E+00  0.352E+04  0.200E+01  0.100E+03
 C2H5       C2H4                  SOOT                              0.139E-28  0.000E+00  0.562E+03  0.100E+02  0.100E+03  0.180E-12  0.000E+00  0.367E+04  0.200E+01  0.100E+03
 C2H5       C2H5                  C4H10                             0.977E-21 -0.639E+01  0.301E+03  0.200E+01  0.100E+03  0.126E-10  0.000E+00  0.960E+02  0.220E+01  0.100E+03
 C2H5       CH3C2H                SOOT                              0.330E-29  0.000E+00  0.740E+03  0.100E+02  0.100E+03  0.560E-13  0.000E+00  0.352E+04  0.100E+02  0.100E+03
 C2H5       CH2CCH2               SOOT                              0.330E-29  0.000E+00  0.740E+03  0.100E+02  0.100E+03  0.560E-13  0.000E+00  0.352E+04  0.100E+02  0.100E+03
 C2H5       C3H5                  SOOT                              0.113E-24 -0.375E+01  0.494E+03  0.100E+02  0.100E+03  0.333E-12  0.000E+00 -0.660E+02  0.200E+01  0.100E+03
 C2H5       C3H6                  SOOT                              0.139E-28  0.000E+00  0.562E+03  0.100E+02  0.100E+03  0.170E-12  0.000E+00  0.362E+04  0.200E+01  0.100E+03
 C2H5       C4H2                  SOOT                              0.330E-29  0.000E+00  0.740E+03  0.100E+02  0.100E+03  0.560E-13  0.000E+00  0.352E+04  0.100E+02  0.100E+03
 C2H5       C4H3                  SOOT                              0.113E-24 -0.375E+01  0.494E+03  0.100E+02  0.100E+03  0.250E-10  0.000E+00  0.000E+00  0.100E+02  0.100E+03
 C3H3       C2H2                  SOOT                              0.330E-29  0.000E+00  0.740E+03  0.100E+02  0.100E+03  0.530E-13  0.000E+00  0.350E+04  0.100E+02  0.100E+03
 CH3        C3H6                  SOOT                              0.139E-28  0.000E+00  0.562E+03  0.100E+02  0.100E+03  0.134E-12  0.000E+00  0.333E+04  0.200E+01  0.100E+03
 CH3        C3H7                  C4H10                             0.144E-16 -0.185E+02  0.231E+04  0.200E+01  0.100E+03  0.516E-10 -0.320E+00  0.000E+00  0.140E+01  0.100E+03
 CH3        C4H2                  SOOT                              0.330E-29  0.000E+00  0.740E+03  0.100E+02  0.100E+03  0.100E-11  0.000E+00  0.390E+04  0.100E+02  0.100E+03
 C3H3       C4H2                  SOOT                              0.330E-29  0.000E+00  0.740E+03  0.100E+02  0.100E+03  0.530E-13  0.000E+00  0.350E+04  0.100E+02  0.100E+03
 C3H5       C2H2                  SOOT                              0.330E-29  0.000E+00  0.740E+03  0.100E+02  0.100E+03  0.530E-13  0.000E+00  0.350E+04  0.100E+02  0.100E+03
 C3H5       CH3C2H                SOOT                              0.330E-29  0.000E+00  0.740E+03  0.100E+02  0.100E+03  0.530E-13  0.000E+00  0.350E+04  0.100E+02  0.100E+03
 C3H5       CH2CCH2               SOOT                              0.330E-29  0.000E+00  0.740E+03  0.100E+02  0.100E+03  0.530E-13  0.000E+00  0.350E+04  0.100E+02  0.100E+03
 C3H5       C3H5                  SOOT                              0.113E-24 -0.375E+01  0.494E+03  0.100E+02  0.100E+03  0.170E-10  0.000E+00 -0.132E+03  0.200E+01  0.100E+03
 C3H5       C3H7                  SOOT                              0.113E-24 -0.375E+01  0.494E+03  0.100E+02  0.100E+03  0.340E-10  0.000E+00 -0.660E+02  0.200E+01  0.100E+03
 C3H5       C4H2                  SOOT                              0.330E-29  0.000E+00  0.740E+03  0.100E+02  0.100E+03  0.530E-13  0.000E+00  0.350E+04  0.100E+02  0.100E+03
 C3H7       C2H4                  SOOT                              0.139E-28  0.000E+00  0.562E+03  0.100E+02  0.100E+03  0.750E-13  0.000E+00  0.347E+04  0.200E+01  0.100E+03
 C3H7       CH3C2H                SOOT                              0.330E-29  0.000E+00  0.740E+03  0.100E+02  0.100E+03  0.120E-11  0.000E+00  0.453E+04  0.100E+02  0.100E+03
 C3H7       CH2CCH2               SOOT                              0.330E-29  0.000E+00  0.740E+03  0.100E+02  0.100E+03  0.120E-11  0.000E+00  0.453E+04  0.100E+02  0.100E+03
 C3H7       C3H6                  SOOT                              0.139E-28  0.000E+00  0.562E+03  0.100E+02  0.100E+03  0.750E-13  0.000E+00  0.347E+04  0.200E+01  0.100E+03
 C3H7       C3H7                  SOOT                              0.977E-21 -0.639E+01  0.301E+03  0.100E+02  0.100E+03  0.170E-10  0.000E+00  0.000E+00  0.150E+01  0.100E+03
 C3H7       C4H2                  SOOT                              0.330E-29  0.000E+00  0.740E+03  0.100E+02  0.100E+03  0.530E-13  0.000E+00  0.350E+04  0.100E+02  0.100E+03
 C3H7       C4H3                  SOOT                              0.113E-24 -0.375E+01  0.494E+03  0.100E+02  0.100E+03  0.160E-10  0.000E+00  0.000E+00  0.100E+02  0.100E+03
 C4H3       C2H2                  C6H5                              0.255E-21 -0.128E+02  0.589E+04  0.200E+01  0.100E+03  0.409E-15  0.470E+00  0.302E+04  0.200E+01  0.100E+03
 C4H3       C4H3                  SOOT                              0.113E-24 -0.375E+01  0.494E+03  0.100E+02  0.100E+03  0.120E-09  0.000E+00  0.000E+00  0.100E+02  0.100E+03
 C6H5       C2H2                  SOOT                              0.389E-28 -0.408E+01 -0.403E+03  0.200E+01  0.100E+03  0.486E-12  0.156E+01  0.191E+04  0.200E+01  0.100E+03
 N4S        N4S                   N2                                0.410E-33  0.000E+00  0.000E+00  0.250E+01  0.100E+03  0.100E-09  0.000E+00  0.000E+00  0.200E+01  0.100E+03
 NH2        H                     NH3                               0.100E-32  0.000E+00  0.000E+00  0.100E+02  0.100E+03  0.350E-11  0.000E+00  0.000E+00  0.200E+01  0.100E+03
 NH2        CH3                   CH3NH2                            0.180E-26 -0.385E+01  0.000E+00  0.200E+01  0.700E+01  0.130E-09  0.420E+00  0.000E+00  0.200E+01  0.700E+01
 NH2        NH2                   N2H4                              0.191E-28 -0.390E+01  0.000E+00  0.130E+01  0.100E+03  0.118E-09  0.270E+00  0.000E+00  0.120E+01  0.100E+03
 CN         H                     HCN                               0.852E-29 -0.220E+01  0.567E+03  0.100E+02  0.100E+03  0.173E-09 -0.500E+00  0.000E+00  0.100E+02  0.100E+03
 CN         CN                    C2N2                              0.322E-28 -0.261E+01  0.000E+00  0.300E+01  0.100E+03  0.940E-11  0.000E+00  0.000E+00  0.300E+01  0.100E+03
 CN         C3N                   C4N2                              0.322E-28 -0.261E+01  0.000E+00  0.100E+02  0.100E+03  0.940E-11  0.000E+00  0.000E+00  0.100E+02  0.100E+03
 HCN        H                     H2CN                              0.777E-30 -0.273E+01  0.386E+04  0.100E+02  0.100E+03  0.550E-10  0.000E+00  0.244E+04  0.100E+02  0.100E+03
 HCN        CH3                   SOOT                              0.777E-30 -0.273E+01  0.386E+04  0.100E+02  0.100E+03  0.550E-10  0.000E+00  0.244E+04  0.100E+02  0.100E+03
 HCN        C2H5                  SOOT                              0.777E-30 -0.273E+01  0.386E+04  0.100E+02  0.100E+03  0.550E-10  0.000E+00  0.244E+04  0.100E+02  0.100E+03
 HCN        C3H7                  SOOT                              0.777E-30 -0.273E+01  0.386E+04  0.100E+02  0.100E+03  0.550E-10  0.000E+00  0.244E+04  0.100E+02  0.100E+03
 H2CN       H                     CH2NH                             0.347E-26 -0.130E+00  0.000E+00  0.200E+01  0.100E+03  0.800E-10  0.000E+00  0.000E+00  0.200E+01  0.100E+03
 C2N2       H                     HC2N2                             0.330E-29  0.000E+00  0.740E+03  0.100E+02  0.100E+03  0.150E-14  0.000E+00  0.000E+00  0.120E+01  0.100E+03
 HC3N       H                     H2C3N                             0.330E-29  0.000E+00  0.740E+03  0.100E+02  0.100E+03  0.110E-11  0.000E+00  0.500E+03  0.120E+01  0.100E+03
 O3P        H                     OH                                0.433E-31 -0.100E+01  0.000E+00  0.500E+01  0.100E+03  0.100E-09  0.000E+00  0.000E+00  0.200E+01  0.100E+03
 O3P        CO                    CO2                               0.170E-32  0.000E+00  0.151E+04  0.250E+01  0.100E+03  0.100E-09  0.000E+00  0.000E+00  0.200E+01  0.100E+03
 OH         H                     H2O                               0.678E-30 -0.200E+01  0.000E+00  0.200E+01  0.100E+03  0.100E-09  0.000E+00  0.000E+00  0.200E+01  0.100E+03
 OH         CH3                   CH3OH                             0.242E-26 -0.380E+01  0.000E+00  0.140E+01  0.100E+03  0.145E-09  0.100E+00  0.000E+00  0.200E+01  0.100E+03
 OH         C2H2                  CH3CO                             0.497E-29 -0.150E+01  0.000E+00  0.160E+01  0.300E+03  0.841E-12  0.200E+01  0.000E+00  0.100E+02  0.100E+03
 OH         C2H3                  CH3CHO                            0.300E-24 -0.350E+01  0.000E+00  0.200E+01  0.100E+03  0.500E-10  0.000E+00  0.000E+00  0.300E+01  0.100E+03
 CO         H                     HCO                               0.529E-33  0.000E+00  0.373E+03  0.130E+01  0.450E+03  0.100E-09  0.000E+00  0.000E+00  0.200E+01  0.100E+03
 CO         3CH2                  CH2CO                             0.100E-27  0.000E+00  0.000E+00  0.200E+01  0.100E+03  0.100E-14  0.000E+00  0.000E+00  0.200E+01  0.100E+03
 CO         CH3                   CH3CO                             0.419E-35  0.000E+00  0.000E+00  0.316E+01  0.100E+03  0.840E-12  0.000E+00  0.346E+04  0.160E+01  0.100E+03
 HCO        CH3                   CH3CHO                            0.200E-25 -0.350E+01  0.000E+00  0.200E+01  0.100E+03  0.301E-10  0.000E+00  0.000E+00  0.200E+01  0.100E+03
